1.691081638406877804e-03 0.000000000000000000e+00
3.595828776854417732e-03 3.040396452533108106e-03
5.012735483869389802e-03 4.740462335408235882e-03
7.487017323235391902e-03 7.152789218188343803e-03
1.190741639563673224e-02 1.052632265409992295e-02
2.001386309070486702e-02 1.525577549983365630e-02
2.776729369483941362e-02 1.901532460702320612e-02
4.289923242199491366e-02 2.550433177049681380e-02
6.091827681801560701e-02 3.115418336626771950e-02
7.814663904669602590e-02 3.463165356130576411e-02
9.488259487503049316e-02 3.675624829019833589e-02
1.112772830043545769e-01 3.794321772207073784e-02
1.434049015886890988e-01 3.849899231848792625e-02
1.749649035431603550e-01 3.749525304144879501e-02
2.060400919444674295e-01 3.515949947444565321e-02
2.367014188713433831e-01 3.168667085166052000e-02
2.670134235248335375e-01 2.725408717063573100e-02
2.969987818404405955e-01 2.192405005212929095e-02
3.266524661220576164e-01 1.568274601461576434e-02
3.559837622165757387e-01 8.555687712749426507e-03
3.850402793279461000e-01 6.736803593437201048e-04
4.138739874169469757e-01 -7.820489751873004741e-03
4.425355225657977010e-01 -1.678770112839335707e-02
4.710745460993090994e-01 -2.609151040167916741e-02
4.995245588905200540e-01 -3.563987467952455662e-02
5.278806358493666195e-01 -4.544632553566878980e-02
5.561323111594630442e-01 -5.553961756430794705e-02
5.842690163983805807e-01 -6.594878726742427200e-02
6.122802344467118685e-01 -7.670273019310694385e-02
6.401603732751135478e-01 -8.781681031570576224e-02
6.679159996703375457e-01 -9.927298553690175331e-02
6.955553734188452131e-01 -1.110485622799028543e-01
7.230866517010545724e-01 -1.231211288757033534e-01
7.505181456064489165e-01 -1.354678507936181164e-01
7.778559088915648623e-01 -1.480720954742592577e-01
8.051010189198537503e-01 -1.609309028858713631e-01
8.322538348124663976e-01 -1.740432863512025030e-01
8.593144591754451334e-01 -1.874089639624664239e-01
8.862833024329629383e-01 -2.010268080885182496e-01
9.131618523726424685e-01 -2.148927310664576484e-01
9.399554958117416481e-01 -2.289919327375071201e-01
9.666699786886679968e-01 -2.433086262656375121e-01
9.933112521539154693e-01 -2.578264609992470535e-01
1.019885267357977687e+00 -2.725290862867341679e-01
1.046396898087897709e+00 -2.874031115082527066e-01
1.072847273010147928e+00 -3.024454356781539066e-01
1.099236802548900771e+00 -3.176549311652930307e-01
1.125566102340413321e+00 -3.330299065229523903e-01
1.151835839323966493e+00 -3.485685293505217386e-01
1.178046783044881529e+00 -3.642686853396041036e-01
1.204200369987761032e+00 -3.801264277811923775e-01
1.230298190546271320e+00 -3.961373871045996697e-01
1.256341989023142869e+00 -4.122967708774601947e-01
1.282333612327150485e+00 -4.285995047596215524e-01
1.308273778700594914e+00 -4.450436153965801611e-01
1.334160179507507982e+00 -4.616354457135262712e-01
1.359990660020987452e+00 -4.783809157739709605e-01
1.372887405538477212e+00 -4.868044646826623634e-01
1.385775480845333307e+00 -4.952518347992905801e-01
1.398657810213781438e+00 -5.037149917519480047e-01
1.411537471825112133e+00 -5.121854783070476369e-01
1.691081638406877804e-03 0.000000000000000000e+00
0.000000000000000000e+00 -6.839061916099539555e-03
5.229763816705325016e-05 -8.888228636267068300e-03
5.027265824249088633e-04 -1.203639188309445565e-02
1.935955925034190143e-03 -1.687003982786492579e-02
5.638140830469024964e-03 -2.424119679851549289e-02
9.897733064488871413e-03 -3.008088972044022785e-02
1.948155783467269905e-02 -3.883520037430731459e-02
3.237989374582864871e-02 -4.725437971231198631e-02
4.549257368080680125e-02 -5.508465368487013014e-02
5.880605364193146334e-02 -6.236323411976486819e-02
7.234608774599501912e-02 -6.901936216265101842e-02
9.985361272925058485e-02 -8.115719041096508546e-02
1.275728652822319120e-01 -9.271330194238164291e-02
1.554636751391053617e-01 -1.037980636552119779e-01
1.835122930901093297e-01 -1.144492511928117129e-01
2.116957866846337077e-01 -1.247298709454045113e-01
2.399920443204126286e-01 -1.347006740409242009e-01
2.683795187284164774e-01 -1.444208611144802978e-01
2.968376373970242343e-01 -1.539469546772130604e-01
3.253497781472702299e-01 -1.633246237904926457e-01
3.539005500727049891e-01 -1.725961546222545273e-01
3.824744596608357083e-01 -1.818041152482202105e-01
4.110560133991695841e-01 -1.909910737441112838e-01
4.396322829262891974e-01 -2.001925504909935760e-01
4.682021395757214877e-01 -2.094116464745156003e-01
4.967677380743693583e-01 -2.186424416311663899e-01
5.253311818461143812e-01 -2.278791568513281462e-01
5.538946769208807908e-01 -2.371157311175967342e-01
5.824599162983781220e-01 -2.463475129514993422e-01
6.110269512816278725e-01 -2.555743613991428576e-01
6.395950636283292967e-01 -2.647982498150308062e-01
6.681637916112883602e-01 -2.740204467842013991e-01
6.967325195942477567e-01 -2.832426437533720476e-01
7.253007345469920653e-01 -2.924662502614737702e-01
7.538684877725428946e-01 -3.016911253546136762e-01
7.824359331799647377e-01 -3.109168461711122045e-01
8.110032759813433634e-01 -3.201428488953969032e-01
8.395705674797007134e-01 -3.293689925735747703e-01
8.681380128871224455e-01 -3.385947133900733541e-01
8.967055609005873951e-01 -3.478201522987856564e-01
9.252731602170736203e-01 -3.570454502536049013e-01
9.538408621396030629e-01 -3.662704663006378092e-01
9.824085127591106748e-01 -3.754956233015638301e-01
1.010976163378618509e+00 -3.847207803024899619e-01
1.039543762695104734e+00 -3.939460782573090958e-01
1.068111362011591403e+00 -4.031713762121283962e-01
1.096678961328077184e+00 -4.123966741669475300e-01
1.125246560644563854e+00 -4.216219721217667193e-01
1.153814159961050079e+00 -4.308472700765858532e-01
1.182381759277536526e+00 -4.400725680314050980e-01
1.210949358594022751e+00 -4.492978659862242874e-01
1.239516957910508976e+00 -4.585231639410434767e-01
1.268084557226995424e+00 -4.677484618958626661e-01
1.296652156543481649e+00 -4.769737598506818554e-01
1.325219755859967874e+00 -4.861990578055009338e-01
1.353787355176454099e+00 -4.954243557603201786e-01
1.368071129183186629e+00 -5.000370752146764408e-01
1.382354903189918938e+00 -5.046497946690324810e-01
1.396638728499672855e+00 -5.092623731694955191e-01
1.410922553809426772e+00 -5.138749516699585573e-01
